; Unit Test file ut_fib.txt
; Tests Markov program file fib.mkv
; Test #0
0

; Test #1
1
1
; Test #2
2
1 1
; Test #3
3
2 1 1
; Test #4
4
3 2 1 1
; Test #5
5
5 3 2 1 1
; Test #6
6
8 5 3 2 1 1
; Test #7
7
13 8 5 3 2 1 1
; Test #8
8
21 13 8 5 3 2 1 1
; Test #9
9
34 21 13 8 5 3 2 1 1
; Test #10
10
55 34 21 13 8 5 3 2 1 1
; Test #11
11
89 55 34 21 13 8 5 3 2 1 1
; Test #12
12
144 89 55 34 21 13 8 5 3 2 1 1
; Test #13
13
233 144 89 55 34 21 13 8 5 3 2 1 1
; Test #14
14
377 233 144 89 55 34 21 13 8 5 3 2 1 1
; Test #15
15
610 377 233 144 89 55 34 21 13 8 5 3 2 1 1
; Test #16
16
987 610 377 233 144 89 55 34 21 13 8 5 3 2 1 1
; Test #17
17
1597 987 610 377 233 144 89 55 34 21 13 8 5 3 2 1 1
; Test #18
18
2584 1597 987 610 377 233 144 89 55 34 21 13 8 5 3 2 1 1
; Test #19
19
4181 2584 1597 987 610 377 233 144 89 55 34 21 13 8 5 3 2 1 1
; Test 20
20
6765 4181 2584 1597 987 610 377 233 144 89 55 34 21 13 8 5 3 2 1 1
